file:   "lanelet.osm"
lat:    44.63764959957791
lon:    10.974961453676158
